100
3 0 1.84669 0.0208314 0 0
3 0.116857 1.55451 0.00939391 3 0.655486
3 0.225423 1.84365 0.00753843 5 0.601064
3 0.226964 2.20355 0.00886571 4 0.912092
3 0.207467 2.58623 0.0122692 5 0.618223
3 0.270349 2.98209 0.0182027 6 0.640085
3 0.311137 3.3808 0.0223491 8 0.648014
3 0.384132 3.7762 0.0261068 7 0.912564
3 0.341599 4.16391 0.0304065 11 0.6721
3 0.300638 4.57384 0.0337802 13 0.64476
3 0.345248 4.98417 0.0343302 8 0.748255
3 0.283473 5.38058 0.0350338 6 0.694904
3 0.393169 5.77726 0.0379592 9 0.846121
3 0.423898 6.1684 0.0417687 9 0.997554
3 0.437 6.55765 0.0458739 11 1.02018
3 0.496176 6.94765 0.0501574 14 0.922016
3 0.511837 7.33094 0.0527184 13 1.01604
3 0.539665 7.71033 0.056378 11 1.15044
3 0.56688 8.08861 0.0619488 9 1.484
3 0.58998 8.45894 0.0679718 9 1.57531
3 0.686888 8.82407 0.0738359 10 1.8519
3 0.73473 9.19421 0.0796437 10 2.08595
3 0.770633 9.55689 0.0845628 10 2.23317
3 0.85172 9.91217 0.0896543 11 2.37907
3 0.834654 10.2634 0.0941725 11 2.41032
3 0.741559 10.612 0.0995434 10 2.33886
3 0.716806 10.9543 0.103614 9 2.55321
3 0.718751 11.2926 0.107506 9 2.58839
3 0.762629 11.6236 0.111014 9 2.49421
3 0.824634 11.9519 0.114701 10 2.37749
3 0.891935 12.2722 0.11873 10 2.381
3 0.874151 12.5856 0.124559 10 3.07982
3 0.899625 12.8918 0.127211 10 3.08848
3 0.930899 13.2073 0.128702 11 2.74703
3 0.920979 13.5135 0.1351 9 3.49028
3 0.917839 13.8116 0.141507 9 3.21511
3 0.949723 14.1021 0.146074 10 3.25214
3 0.963349 14.3865 0.150107 9 3.56232
3 0.991096 14.6634 0.155123 10 3.18166
3 1.05217 14.9312 0.158539 10 3.75413
3 1.08574 15.2079 0.166658 10 3.85021
3 1.10498 15.4788 0.170207 10 3.95576
3 1.16437 15.7366 0.176701 11 3.81829
3 1.22796 15.9895 0.183583 10 4.43044
3 1.25527 16.2406 0.189676 10 4.5447
3 1.30843 16.4826 0.195404 10 4.71654
3 1.36056 16.7225 0.201552 10 4.87302
3 1.43919 16.952 0.206487 10 4.79711
3 1.50047 17.1814 0.205016 10 4.94562
3 1.55443 17.4038 0.210228 10 5.10178
3 1.62051 17.6234 0.216314 11 5.13524
3 1.66106 17.835 0.224646 11 5.30922
3 1.73826 18.0411 0.23041 11 5.43724
3 1.74494 18.2443 0.237479 11 5.3171
3 1.70032 18.4431 0.243587 11 5.01994
3 1.77578 18.634 0.251972 11 5.14275
3 1.81623 18.8214 0.25786 11 4.62097
3 1.8164 19.0089 0.263096 11 4.30383
3 1.80845 19.189 0.271924 11 3.84029
3 1.84682 19.3638 0.280563 11 3.95306
3 1.91828 19.5348 0.283936 11 4.21078
3 1.80435 19.7003 0.289474 11 3.78236
3 1.87906 19.8617 0.296265 12 3.55687
3 1.88567 20.0198 0.301574 13 3.50515
3 1.63535 20.1725 0.306286 13 3.52195
3 1.69418 20.3205 0.313167 14 3.76505
3 1.75389 20.4662 0.310701 14 3.84121
3 1.75809 20.6072 0.308395 15 3.81942
3 1.78355 20.7454 0.315805 15 3.67969
3 1.84685 20.8789 0.321467 15 3.78064
3 1.87115 21.008 0.337103 15 3.7372
3 1.76864 21.1341 0.334427 15 3.50619
3 1.78685 21.2569 0.331777 17 3.59773
3 1.8444 21.3746 0.329148 17 3.64698
3 1.91341 21.4936 0.332399 18 3.64796
3 1.98633 21.6077 0.339402 17 4.02673
3 2.05892 21.7175 0.34344 19 3.71065
3 1.94208 21.8231 0.351906 16 4.18532
3 2.02564 21.9259 0.355284 16 4.17725
3 2.1136 22.0264 0.363075 15 4.55179
3 2.19281 22.124 0.368817 14 4.43986
3 2.19841 22.2194 0.365885 14 4.40888
3 2.26623 22.3087 0.369975 13 4.49108
3 2.36014 22.3986 0.378965 13 4.57229
3 2.44141 22.4864 0.381288 14 4.68584
3 2.13378 22.5704 0.39006 14 3.9813
3 2.01203 22.6497 0.402832 14 3.25523
3 1.87778 22.731 0.413747 14 4.05572
3 1.94617 22.8088 0.424271 13 4.13515
3 1.9943 22.882 0.420921 14 4.79421
3 2.05693 22.9546 0.417624 14 4.19668
3 2.01625 23.0265 0.414352 14 4.37287
3 2.059 23.0937 0.414819 14 4.37264
3 2.08681 23.1598 0.420853 15 4.48596
3 2.15402 23.2237 0.41755 16 4.34453
3 2.22073 23.2855 0.41773 16 4.44419
3 2.2789 23.3445 0.416503 17 4.15539
3 2.35896 23.4028 0.424357 18 4.19841
3 2.45309 23.46 0.428879 18 4.0742
3 2.54115 23.5135 0.433552 16 4.60944
