
50
7 0 0.261347 0.00374991 0 0
7 0 0.277889 0.00215207 0 0
7 0.00497597 0.326818 0.00174211 2 0.118459
7 0.0450005 0.381068 0.00159857 6 0.161748
7 0.0748912 0.457072 0.00212516 8 0.218263
7 0.100836 0.532249 0.00311369 10 0.254034
7 0.130765 0.608338 0.0039611 8 0.345755
7 0.157965 0.681721 0.00527305 11 0.333509
7 0.191695 0.756506 0.00669282 10 0.387908
7 0.228825 0.832765 0.00819352 11 0.470473
7 0.264931 0.90705 0.00954788 12 0.496135
7 0.291841 0.968478 0.0114292 12 0.557316
7 0.332971 1.04682 0.0131352 12 0.63917
7 0.3794 1.1241 0.0151607 11 0.690241
7 0.426763 1.2021 0.0173557 11 0.757361
7 0.469907 1.27326 0.0195096 11 0.803394
7 0.508496 1.3447 0.0212241 11 0.85754
7 0.549888 1.43196 0.0235631 11 0.855377
7 0.58156 1.49918 0.0247416 11 0.911683
7 0.609393 1.56526 0.02706 11 0.992671
7 0.633225 1.63036 0.0298538 11 1.07605
7 0.674428 1.70816 0.0334423 8 1.20012
7 0.7224 1.78453 0.0369227 10 1.18585
7 0.76045 1.78961 0.0367541 8 1.28956
7 0.83184 1.93091 0.0379603 10 1.36751
7 0.873045 1.99976 0.0405076 8 1.303
7 0.887 2.06687 0.0431889 11 1.17909
7 0.929336 2.14044 0.0458796 7 1.15066
7 0.970212 2.21423 0.0565378 10 1.24115
7 1.01677 2.27971 0.0692446 7 1.20982
7 1.05606 2.3492 0.0859861 9 1.40526
7 1.09509 2.39035 0.074713 11 1.38786
7 1.15114 2.49245 0.0929733 8 1.47178
7 1.19095 2.56473 0.098675 8 1.63756
7 1.23718 2.6233 0.103025 8 1.58543
7 1.28362 2.69583 0.108275 10 1.6113
7 1.27636 2.75474 0.109675 9 1.44389
7 1.32836 2.83356 0.113394 8 1.43057
7 1.37789 2.89777 0.138138 11 1.45492
7 1.33594 2.97194 0.137938 10 1.55013
7 1.32999 2.91941 0.137415 10 1.42202
7 1.43308 3.09255 0.142497 8 1.74781
7 1.48691 3.16902 0.142555 10 1.55639
7 1.53383 3.22895 0.142131 9 1.82884
7 1.58131 3.31328 0.141967 10 1.77117
7 1.61467 3.36374 0.14646 8 2.19081
7 1.64786 3.4426 0.154824 9 2.18219
7 1.68181 3.49284 0.160106 7 2.44427
7 1.72765 3.57082 0.168062 8 2.26428
7 1.76838 3.62058 0.17471 7 2.30796
