100
2 0 1.11968 0.0133163 0 0
2 0.0642039 0.940879 0.00593255 4 0.272735
2 0.0771127 1.10061 0.00473483 5 0.266497
2 0.0695704 1.31689 0.004289 4 0.236692
2 0.103735 1.55004 0.00499836 5 0.262469
2 0.158674 1.79415 0.00715352 4 0.374666
2 0.199648 2.03345 0.00904412 5 0.398179
2 0.200489 2.27533 0.0111792 8 0.381459
2 0.155057 2.51428 0.0134575 5 0.439048
2 0.19793 2.76481 0.0176503 7 0.477731
2 0.218256 3.01657 0.0175919 7 0.429585
2 0.187061 3.26582 0.0192976 8 0.426408
2 0.219656 3.51297 0.0214013 8 0.381437
2 0.241495 3.76151 0.0224262 9 0.364244
2 0.227627 4.01226 0.0240751 11 0.360071
2 0.221051 4.25734 0.0257921 10 0.363905
2 0.233207 4.49457 0.0276273 8 0.498687
2 0.256748 4.73617 0.0301217 8 0.529765
2 0.278119 4.98769 0.0321828 7 0.71252
2 0.339937 5.23389 0.0347462 6 0.884825
2 0.407067 5.47326 0.0379699 8 0.911002
2 0.440722 5.72861 0.0407213 9 0.915462
2 0.498011 5.97507 0.0445896 9 1.04172
2 0.571833 6.21379 0.0481363 7 1.45952
2 0.629055 6.46972 0.0534717 8 1.19489
2 0.702721 6.72122 0.0576589 8 1.18716
2 0.770653 6.96773 0.063047 6 1.90792
2 0.855158 7.2078 0.0658562 6 2.03282
2 0.941774 7.45237 0.0692195 6 2.30539
2 1.028 7.68797 0.0741762 7 2.31465
2 1.08347 7.92463 0.0800395 8 2.34708
2 1.16416 8.17516 0.0850197 8 2.52848
2 1.21156 8.41448 0.090067 9 2.15806
2 1.22101 8.65868 0.0951069 9 2.09337
2 1.26689 8.91057 0.10123 8 2.44918
2 1.22896 9.16217 0.105628 8 2.60393
2 1.28222 9.40255 0.110352 8 2.752
2 1.29893 9.63989 0.117955 6 3.90161
2 1.377 9.8821 0.123261 7 3.61033
2 1.19304 10.1257 0.128008 7 3.26389
2 1.21083 10.3634 0.131623 7 2.98956
2 1.25816 10.5981 0.133175 8 2.77296
2 1.32325 10.8377 0.137739 8 2.27184
2 1.37928 11.0818 0.142177 10 2.21817
2 1.46823 11.3211 0.148376 9 2.81281
2 1.55459 11.5575 0.153207 9 2.86191
2 1.51398 11.7933 0.159832 8 3.1001
2 1.51701 12.0256 0.162437 7 3.91628
2 1.60751 12.2543 0.166982 8 3.8192
2 1.71336 12.4838 0.171468 7 4.32636
2 1.81805 12.7264 0.177527 8 4.24318
2 1.92068 12.9618 0.177364 7 4.73961
2 2.02362 13.1976 0.177176 8 4.65599
2 2.06757 13.4259 0.176956 7 4.5871
2 2.1351 13.6558 0.176792 9 4.62222
2 2.15211 13.889 0.182186 7 4.99469
2 1.98774 14.1175 0.189301 8 4.50453
2 2.00878 14.3555 0.189157 6 5.21414
2 2.08538 14.5875 0.188906 8 4.79256
2 2.12918 14.8164 0.188634 6 5.53563
2 2.22075 15.0434 0.188348 9 4.9914
2 2.29969 15.2691 0.188077 6 5.92203
2 2.36236 15.4954 0.202714 8 6.03477
2 2.37483 15.7181 0.202452 5 7.497
2 2.43121 15.9437 0.202232 8 6.48727
2 2.24653 16.1679 0.202007 5 6.84194
2 2.12862 16.3959 0.20793 9 5.71019
2 2.20441 16.6202 0.214104 5 7.67377
2 2.21226 16.8427 0.213799 10 6.15068
2 2.30354 17.0641 0.223623 5 7.87244
2 2.40235 17.2885 0.2314 11 6.37207
2 2.50784 17.5059 0.239962 5 8.21908
2 2.58933 17.7274 0.249944 12 6.23099
2 2.47738 17.9387 0.258861 5 8.0428
2 2.56016 18.1531 0.265287 11 5.85743
2 2.65639 18.3717 0.276965 5 8.00989
2 2.35437 18.5958 0.289902 10 5.93644
2 2.41727 18.8056 0.297129 6 5.48772
2 2.4078 19.0246 0.305292 11 6.2056
2 2.475 19.2282 0.317068 6 7.03928
2 2.59416 19.4476 0.328318 11 6.07185
2 2.24012 19.6529 0.337778 6 5.63637
2 2.08921 19.8749 0.343491 11 4.71702
2 2.12134 20.0747 0.347053 6 5.18062
2 2.18527 20.2947 0.358174 10 5.38482
2 2.304 20.4898 0.357672 6 5.93381
2 2.4196 20.7043 0.373957 8 6.82939
2 2.37926 20.8843 0.378845 6 6.10872
2 2.46627 21.1143 0.384995 8 7.22759
2 2.62521 21.2925 0.39594 5 7.34004
2 2.23246 21.5059 0.398529 9 5.99814
2 2.31328 21.6855 0.401457 5 4.37592
2 2.29329 21.9045 0.409075 9 5.79331
2 2.43622 22.0816 0.416886 4 5.40652
2 2.54177 22.3107 0.417455 10 5.90838
2 2.64699 22.4444 0.423255 5 5.42566
2 2.75522 22.708 0.424514 11 6.4535
2 2.78914 22.8529 0.424589 5 5.69768
2 2.92789 23.1086 0.430698 12 6.59706
2 3.08017 23.2955 0.437064 12 6.75004
