80
5 0 0.349418 0.00499996 0 0
5 0.060761 0.371248 0.00286177 5 0.160259
5 0.105019 0.438626 0.00231238 8 0.194297
5 0.131325 0.526164 0.00210847 13 0.211775
5 0.155676 0.619883 0.00422624 13 0.290175
5 0.183552 0.715856 0.00753368 18 0.315212
5 0.204053 0.812699 0.0117621 23 0.341377
5 0.232378 0.910537 0.0146062 28 0.369631
5 0.265678 1.00954 0.0170707 28 0.433372
5 0.294242 1.10821 0.0199705 33 0.454879
5 0.310436 1.20715 0.0223629 36 0.473569
5 0.347714 1.30558 0.0246226 38 0.491044
5 0.381222 1.40446 0.0279309 38 0.536754
5 0.407601 1.50365 0.0294071 37 0.550196
5 0.447753 1.60262 0.0320807 32 0.637518
5 0.465609 1.70155 0.0344163 31 0.63773
5 0.515712 1.80067 0.0370162 28 0.713685
5 0.516249 1.89991 0.0393128 28 0.676702
5 0.535497 1.99855 0.0409899 28 0.738879
5 0.570364 2.0974 0.0430123 29 0.760146
5 0.615246 2.19622 0.0461627 26 0.877737
5 0.551126 2.29448 0.0494887 24 0.904712
5 0.526796 2.3931 0.0511411 27 0.812467
5 0.557243 2.49163 0.0512494 24 0.894428
5 0.588286 2.58962 0.0552582 25 0.977896
5 0.60352 2.68811 0.056063 23 1.00465
5 0.650038 2.78618 0.0596112 23 1.09938
5 0.6779 2.88393 0.0628274 25 1.109
5 0.730496 2.98205 0.0651394 25 1.18822
5 0.742811 3.0797 0.0665434 28 1.17523
5 0.752088 3.17705 0.067622 27 1.21312
5 0.799006 3.27497 0.0714179 29 1.26961
5 0.857743 3.37237 0.0751039 30 1.29603
5 0.890425 3.46948 0.0762855 27 1.36649
5 0.943151 3.56606 0.0773318 28 1.39572
5 0.890178 3.66263 0.0821269 28 1.30144
5 0.880954 3.7594 0.082031 23 1.48662
5 0.902021 3.85603 0.0826203 23 1.47999
5 0.94959 3.95254 0.0844924 23 1.59394
5 0.976715 4.04842 0.0880931 23 1.60438
5 0.974358 4.1437 0.0879863 23 1.54493
5 0.998608 4.2395 0.0910984 23 1.55972
5 1.03159 4.33508 0.0950428 24 1.55702
5 1.01856 4.43059 0.0983074 24 1.45738
5 1.03481 4.52613 0.0999311 24 1.49584
5 0.968614 4.62086 0.101395 24 1.35793
5 0.994508 4.71542 0.104615 24 1.30609
5 0.997383 4.81001 0.105333 24 1.31651
5 1.00374 4.90406 0.107194 24 1.30084
5 1.01195 4.99798 0.109954 25 1.26233
5 1.02989 5.09193 0.112188 26 1.28353
5 1.02526 5.1853 0.115223 27 1.24725
5 1.00717 5.27892 0.118795 25 1.19054
5 1.0048 5.37186 0.11865 27 1.17727
5 1.00738 5.46466 0.118508 28 1.05575
5 1.00097 5.55726 0.120453 28 1.08758
5 0.931317 5.64962 0.121679 30 1.02948
5 0.932147 5.74169 0.124404 30 0.942307
5 0.940435 5.83334 0.128081 30 0.912844
5 0.943663 5.92472 0.127926 29 0.831943
5 0.932855 6.01595 0.127773 28 0.89713
5 0.944175 6.10707 0.12762 29 0.885439
5 0.958258 6.1977 0.127463 30 0.889136
5 0.948236 6.28751 0.127307 29 0.925003
5 0.963498 6.37765 0.127163 28 0.872796
5 0.958638 6.46645 0.127019 26 0.750465
5 0.9628 6.55673 0.12732 30 0.769058
5 0.960999 6.64647 0.127179 30 0.728781
5 0.950961 6.73573 0.127029 35 0.799302
5 0.956371 6.82502 0.128334 30 0.848563
5 0.946324 6.91327 0.128165 30 0.788881
5 0.957518 7.00138 0.128137 33 0.835055
5 0.954175 7.08885 0.13057 31 0.868
5 0.95605 7.17584 0.130404 30 0.82315
5 0.948819 7.26245 0.130245 28 0.752425
5 0.945268 7.35074 0.130095 29 0.802725
5 0.921921 7.43676 0.129919 28 0.724584
5 0.942453 7.52207 0.129752 27 0.640104
5 0.955293 7.60918 0.130963 30 0.734166
5 0.962809 7.69489 0.130787 31 0.743679
