100
1 0 1.4411 0.0131249 0 0
1 0.13163 0.97448 0.00478123 5 0.518219
1 0.185753 1.1576 0.00386343 9 0.447269
1 0.268299 1.39448 0.00953257 9 0.519058
1 0.224156 1.6361 0.0110013 11 0.378312
1 0.18977 1.88238 0.0144993 14 0.320364
1 0.257467 2.13668 0.0188373 15 0.373475
1 0.358174 2.39919 0.0240412 8 0.690237
1 0.492002 2.65746 0.0312184 10 0.902374
1 0.584803 2.9129 0.0367149 12 0.879824
1 0.697188 3.17229 0.0402856 11 0.883282
1 0.574415 3.45861 0.0468518 10 0.987516
1 0.635569 3.72222 0.0487102 11 1.10335
1 0.749355 3.97781 0.0521056 12 1.24274
1 0.648652 4.24017 0.0514336 13 1.29197
1 0.749101 4.50184 0.0507894 11 1.50494
1 0.832845 4.75877 0.0544056 9 1.65728
1 0.780019 5.01326 0.0578148 9 1.69663
1 0.775231 5.2712 0.0599563 9 1.79222
1 0.72141 5.49961 0.0657106 9 1.94011
1 0.809596 5.76113 0.0709501 9 2.01109
1 0.869307 6.03975 0.0792886 10 1.83816
1 0.955575 6.27682 0.0856301 11 1.82773
1 1.09075 6.54529 0.0933126 11 1.8572
1 1.20374 6.78563 0.0989893 12 1.95427
1 1.19871 7.05459 0.109053 9 2.2366
1 1.11371 7.31045 0.117972 10 1.98927
1 1.17239 7.57056 0.122598 8 2.85831
1 1.10707 7.82414 0.12744 8 3.06966
1 1.16235 8.07988 0.130508 9 2.91687
1 1.27442 8.33823 0.138748 10 3.0209
1 1.34132 8.56496 0.148733 10 3.0031
1 1.37101 8.81669 0.154362 10 3.2155
1 1.44046 9.08964 0.163941 11 3.36142
1 1.53775 9.33969 0.174192 10 3.57654
1 1.67082 9.57052 0.183991 12 3.7018
1 1.67384 9.82927 0.197721 11 4.13232
1 1.81795 10.0943 0.204138 11 4.56138
1 1.86404 10.3191 0.211108 11 4.17952
1 1.93128 10.5754 0.222598 12 4.48837
1 1.94314 10.8451 0.234529 12 3.86236
1 2.00369 11.0899 0.244264 11 4.40238
1 2.16906 11.3321 0.255843 11 4.52585
1 2.27735 11.5794 0.271627 12 4.62349
1 2.00732 11.8033 0.281965 10 4.47252
1 2.03673 12.0679 0.285059 10 4.84435
1 2.17725 12.288 0.293994 10 4.81832
1 2.3395 12.548 0.30714 11 5.4767
1 2.47327 12.7905 0.317574 11 4.84067
1 2.60853 13.0289 0.329442 10 6.03373
1 2.77667 13.2601 0.341607 10 4.64966
1 2.32136 13.4735 0.361167 6 6.30622
1 2.11808 13.7514 0.395509 10 4.38802
1 2.22224 13.9934 0.4257 9 5.18979
1 2.38489 14.2315 0.440365 9 5.55965
1 1.71196 14.4595 0.439344 8 4.27064
1 1.80422 14.6872 0.438477 8 4.69131
1 1.97053 14.929 0.437949 7 5.0349
1 2.14278 15.178 0.437201 8 5.69513
1 2.28057 15.3933 0.436017 8 5.36417
1 2.36544 15.6378 0.435336 7 6.65361
1 2.52971 15.853 0.43429 8 5.20784
1 2.68228 16.1022 0.438115 8 6.05062
1 2.83382 16.3314 0.44782 8 5.73046
1 2.94696 16.552 0.462993 7 6.95727
1 3.03098 16.7708 0.475917 7 6.8835
1 3.21087 16.9894 0.489401 7 7.37184
1 3.36153 17.2098 0.503241 7 6.77915
1 3.45353 17.4371 0.512509 7 7.68242
1 3.60595 17.6503 0.519496 7 7.11486
1 3.77156 17.8774 0.535029 10 7.47676
1 1.76085 11.8762 0.548843 1 10.7287
1 2.67565 18.4309 0.843583 1 16.7231
1 2.7918 18.6815 0.839256 1 17.0514
1 2.88019 18.8997 0.837374 1 16.9372
1 3.06468 19.1087 0.83718 1 17.1984
1 2.98755 19.301 0.830419 1 17.8532
1 3.10092 19.4999 0.824765 1 17.7417
1 3.24416 19.7199 0.820652 1 18.4566
1 3.35999 19.9317 0.815527 1 18.3189
1 3.52507 20.1163 0.810484 1 18.3914
1 3.62107 20.3833 0.806622 1 19.3108
1 3.83791 20.5871 0.800577 1 19.5364
1 3.98393 20.8 0.794847 1 19.7688
1 3.92829 21.002 0.788963 1 12.0385
1 4.13079 21.1881 0.78338 1 19.055
1 4.4162 21.4034 0.778615 1 19.7492
1 4.62739 21.5755 0.773543 1 18.2202
1 4.72777 21.8179 0.76981 1 21.0546
1 4.87868 22.0321 0.764502 1 20.0082
1 5.07314 22.2419 0.758907 1 20.6629
1 5.25436 22.4477 0.753069 1 20.4167
1 5.54261 22.6066 0.747907 1 21.1351
1 5.47478 22.7854 0.744444 1 20.2959
1 4.67067 22.9921 0.742268 1 9.92522
1 4.85006 23.1986 0.737439 1 16.3334
1 5.06868 23.3822 0.732758 1 22.2283
1 5.29671 23.5602 0.728499 1 15.9313
1 5.56407 23.7432 0.742214 1 22.2602
1 5.79579 23.9613 0.761496 1 13.4786
