80
5 0 0.262135 0.00374997 0 0
5 0.0458216 0.278525 0.00214574 5 0.120162
5 0.0809032 0.328417 0.00173326 10 0.136307
5 0.106903 0.394312 0.00158306 10 0.195478
5 0.114303 0.464892 0.00317555 12 0.202534
5 0.137926 0.536636 0.00566096 17 0.224588
5 0.157436 0.609874 0.00933003 22 0.246311
5 0.165052 0.683619 0.0118703 25 0.256157
5 0.185788 0.757303 0.0142653 25 0.30387
5 0.207922 0.831277 0.0161924 30 0.31588
5 0.224945 0.905414 0.0186819 33 0.336499
5 0.239551 0.979243 0.0208525 38 0.346268
5 0.255365 1.05343 0.0232098 39 0.367885
5 0.281393 1.12806 0.0245328 40 0.402428
5 0.306467 1.20227 0.027115 32 0.454346
5 0.328447 1.2766 0.0292889 32 0.469696
5 0.333322 1.35078 0.0302339 34 0.44659
5 0.357447 1.42497 0.0326259 29 0.515681
5 0.389867 1.49893 0.0345735 27 0.577876
5 0.380382 1.57299 0.036596 26 0.554885
5 0.383555 1.64713 0.0365087 26 0.567128
5 0.397496 1.72095 0.0385177 25 0.581831
5 0.417264 1.7951 0.0398021 24 0.616774
5 0.44811 1.86887 0.0420477 22 0.734249
5 0.463357 1.94236 0.0429956 21 0.766662
5 0.490014 2.01576 0.0452876 19 0.838142
5 0.516698 2.08931 0.0478766 20 0.881735
5 0.547222 2.16281 0.0495262 18 0.950157
5 0.565313 2.23657 0.0494589 19 0.917521
5 0.602338 2.30993 0.0524163 18 1.00504
5 0.623794 2.38322 0.0551189 20 0.970693
5 0.653161 2.45631 0.0585952 21 1.04506
5 0.559711 2.52925 0.0586692 21 0.900596
5 0.56892 2.60193 0.0585872 20 0.991692
5 0.596649 2.67447 0.0585106 24 0.968975
5 0.629806 2.74716 0.0593561 25 0.993244
5 0.667585 2.81971 0.0624327 27 1.03366
5 0.675921 2.89205 0.0629579 29 1.03603
5 0.711118 2.96405 0.0660681 29 1.05935
5 0.742482 3.03616 0.0682806 28 1.11886
5 0.761036 3.10796 0.0699818 30 1.1277
5 0.754087 3.17971 0.0729134 30 1.09251
5 0.771727 3.25107 0.0728332 28 1.1576
5 0.771947 3.32292 0.0754189 29 1.1281
5 0.748054 3.39444 0.0779191 30 1.09687
5 0.723672 3.46546 0.0793375 29 1.04008
5 0.70092 3.53634 0.0818841 32 0.963482
5 0.714003 3.60753 0.0845219 33 0.895819
5 0.703833 3.67802 0.0876077 31 0.792919
5 0.725151 3.74838 0.0875068 35 0.778317
5 0.722817 3.8183 0.0877999 34 0.746991
5 0.731128 3.88812 0.0882331 31 0.729667
5 0.728667 3.95895 0.0900546 33 0.700605
5 0.740114 4.02881 0.0917833 33 0.729411
5 0.736597 4.09847 0.0929892 34 0.70392
5 0.706484 4.16774 0.0946984 34 0.663817
5 0.70983 4.23711 0.0950847 32 0.645097
5 0.72907 4.3063 0.0950135 34 0.681149
5 0.727054 4.37486 0.0954534 33 0.654952
5 0.719181 4.44322 0.0955238 32 0.654885
5 0.719729 4.5115 0.0954393 32 0.673243
5 0.707241 4.57942 0.095662 32 0.617669
5 0.696762 4.64811 0.097326 33 0.559346
5 0.703058 4.7163 0.0972104 32 0.553805
5 0.71531 4.78391 0.0971903 33 0.54834
5 0.715207 4.85125 0.0981146 34 0.520907
5 0.694607 4.91843 0.100101 36 0.509233
5 0.705375 4.98539 0.10097 37 0.51063
5 0.709414 5.05223 0.100841 36 0.499263
5 0.709674 5.11861 0.10191 37 0.456081
5 0.693154 5.18487 0.101779 35 0.496968
5 0.683181 5.25109 0.103865 31 0.450803
5 0.685223 5.31684 0.104755 32 0.452834
5 0.674528 5.38234 0.10594 33 0.419913
5 0.679316 5.44756 0.107362 32 0.419531
5 0.68304 5.51315 0.107225 29 0.3726
5 0.695026 5.57803 0.107287 30 0.404025
5 0.705034 5.64252 0.108489 32 0.372924
5 0.724157 5.70725 0.109981 34 0.360998
5 0.714476 5.7714 0.111024 36 0.395266
