50
7 0 0.260058 0.00374991 0 0
7 0.0176789 0.27486 0.00216273 3 0.170121
7 0.0453476 0.325495 0.00177003 4 0.215949
7 0.0775613 0.395064 0.00163079 4 0.265667
7 0.116751 0.465807 0.00249433 11 0.230617
7 0.149204 0.538089 0.00240768 8 0.330658
7 0.184355 0.610563 0.00339158 12 0.323071
7 0.220435 0.682683 0.00405066 10 0.410875
7 0.26024 0.754713 0.00470488 12 0.405583
7 0.301409 0.828883 0.00576103 10 0.54058
7 0.338617 0.902282 0.00552246 9 0.587556
7 0.382963 0.975232 0.00911403 10 0.639298
7 0.421584 1.05126 0.0101243 10 0.716859
7 0.457126 1.12325 0.0110609 11 0.71334
7 0.490251 1.19708 0.012438 10 0.795717
7 0.528964 1.27161 0.013741 11 0.876475
7 0.568156 1.33771 0.0151821 11 0.911144
7 0.613613 1.41293 0.0165522 10 1.01603
7 0.652881 1.49021 0.0176375 10 0.996771
7 0.694665 1.56458 0.0193605 9 1.05746
7 0.735467 1.63612 0.0207322 10 1.06714
7 0.776565 1.70767 0.0226609 9 1.20717
7 0.816934 1.77448 0.0290444 9 1.20773
7 0.857311 1.84663 0.0290755 8 1.2374
7 0.902341 1.92573 0.0337358 8 1.23218
7 0.940619 1.99756 0.0336362 9 1.33944
7 0.981866 2.06839 0.0387523 8 1.31549
7 1.0234 2.14041 0.0386457 8 1.66483
7 1.05626 2.20831 0.0411946 7 1.5475
7 1.09271 2.27965 0.0411193 7 1.64099
7 1.12191 2.34408 0.0454146 7 1.57479
7 1.1611 2.41514 0.0475592 7 1.78909
7 1.19273 2.48076 0.0503856 8 1.64153
7 1.23613 2.55846 0.0605507 7 1.75386
7 1.26642 2.62961 0.0632912 8 1.78448
7 1.30144 2.68913 0.0649803 7 1.936
7 1.34742 2.76264 0.124059 9 1.928
7 1.38645 2.83598 0.0710559 8 2.05156
7 1.39398 2.90237 0.129245 7 2.00196
7 1.43285 2.9609 0.0785848 7 2.27733
7 1.45832 3.04095 0.144522 8 2.31251
7 1.49276 3.10308 0.0877003 6 2.45813
7 1.53476 3.16949 0.159649 9 2.32271
7 1.49422 3.22562 0.120388 6 2.14603
7 1.51696 3.29363 0.162122 7 2.46377
7 1.55587 3.36073 0.141347 4 2.67408
7 1.5355 3.42144 0.157571 8 2.48497
7 1.58152 3.49055 0.158895 8 2.26451
7 1.62454 3.55117 0.162469 8 2.52247
7 1.66604 3.6134 0.169269 8 2.53661
