100
3 0 1.3478 0.0149986 0 0
3 0.161449 1.12999 0.00667442 6 0.57845
3 0.223881 1.32094 0.00531142 6 0.520647
3 0.28016 1.57791 0.00628233 9 0.516755
3 0.280094 1.85619 0.0110156 12 0.552488
3 0.333814 2.14632 0.0180623 10 0.67846
3 0.396649 2.42787 0.0233998 13 0.728269
3 0.428649 2.71187 0.0304478 16 0.810926
3 0.47934 3.0008 0.0379344 16 0.854374
3 0.466424 3.28785 0.0428721 17 0.884976
3 0.477916 3.58835 0.0477718 17 0.884636
3 0.460379 3.87295 0.0521397 16 0.995863
3 0.54354 4.15997 0.0595051 17 1.07469
3 0.59006 4.43936 0.0651394 14 1.2246
3 0.667329 4.72346 0.0715018 14 1.38786
3 0.707927 5.00273 0.0771594 12 1.5411
3 0.779381 5.27788 0.081064 12 1.50952
3 0.844178 5.55237 0.0871241 12 1.6256
3 0.921839 5.82384 0.0950506 13 1.62973
3 0.9497 6.09211 0.10297 11 1.93463
3 1.01338 6.3578 0.110858 12 1.96698
3 1.04735 6.61949 0.117777 12 2.04464
3 1.10614 6.87699 0.124481 10 2.24325
3 1.16929 7.1364 0.132177 10 2.38198
3 1.24029 7.39089 0.140558 10 2.50578
3 1.29991 7.64061 0.14796 10 2.59117
3 1.34808 7.8874 0.154779 9 2.84184
3 1.40012 8.13074 0.160497 7 3.22092
3 1.44946 8.36872 0.168868 7 3.3306
3 1.53095 8.60519 0.175295 7 3.46543
3 1.58666 8.83679 0.1832 7 3.6
3 1.64034 9.06102 0.191964 8 3.5123
3 1.70154 9.29006 0.201405 9 3.49789
3 1.76852 9.51162 0.209355 9 3.6775
3 1.83473 9.73059 0.219192 9 3.66498
3 1.9053 9.94472 0.228979 9 3.89509
3 1.97725 10.153 0.238311 9 4.12358
3 2.05558 10.3568 0.247926 9 4.16576
3 2.12124 10.556 0.25586 10 4.22917
3 2.20379 10.7583 0.266989 11 3.98433
3 2.28085 10.9527 0.277164 11 4.18884
3 2.36363 11.1442 0.286497 10 4.38774
3 2.45144 11.332 0.297124 9 4.86378
3 2.55859 11.515 0.309313 9 4.97848
3 2.71885 11.693 0.320986 9 5.11466
3 2.90135 11.868 0.332536 10 5.06137
3 2.94427 12.0372 0.345753 10 4.31058
3 3.08076 12.202 0.358594 10 4.94088
3 3.25425 12.3682 0.375819 10 5.06602
3 3.41122 12.5324 0.387604 9 5.16482
3 3.53553 12.6888 0.401407 10 5.02208
3 3.6539 12.8419 0.413749 11 4.8445
3 3.7824 12.991 0.427902 10 5.31957
3 3.30872 13.1364 0.440743 10 4.47852
3 2.6562 13.2806 0.458809 9 5.05797
3 3.33891 13.417 0.467388 9 5.07564
3 3.05205 13.552 0.463871 9 4.47215
3 3.15664 13.687 0.468559 9 4.41702
3 3.28242 13.8149 0.484634 7 5.67371
3 3.3692 13.9365 0.480907 8 4.96923
3 2.39116 14.0611 0.477331 8 3.95818
3 2.47258 14.1826 0.47878 9 3.99631
3 2.56113 14.3 0.495669 6 5.15561
3 2.64713 14.41 0.501851 7 5.40284
3 2.71993 14.5201 0.507155 7 5.27221
3 2.7957 14.6302 0.512369 7 5.40979
3 2.88285 14.7355 0.515364 7 5.45764
3 2.98235 14.8377 0.523969 9 5.42635
3 3.07033 14.9373 0.531286 11 5.01931
3 3.15655 15.0337 0.535423 10 5.41521
3 3.25104 15.1269 0.541425 11 4.95861
3 3.31338 15.2159 0.547633 11 5.30593
3 3.26497 15.3056 0.556111 12 4.95017
3 3.37192 15.3929 0.579008 10 4.97052
3 2.93646 15.4763 0.574351 10 5.05319
3 3.33355 15.5581 0.569738 10 4.43927
3 3.38708 15.6371 0.569383 10 4.64336
3 3.42038 15.7134 0.564792 10 4.54029
3 3.44292 15.7882 0.560252 10 4.67027
3 3.42863 15.86 0.555744 11 5.09007
3 3.20625 15.9248 0.552534 12 4.52393
3 3.00201 15.9922 0.559495 11 4.09756
3 2.96352 16.0633 0.555215 10 3.48355
3 2.99915 16.1288 0.550814 11 3.95943
3 3.02312 16.1911 0.546418 11 3.2461
3 3.06321 16.2522 0.556888 10 4.36333
3 3.09929 16.311 0.556799 10 4.01823
3 3.15832 16.3681 0.552356 10 4.49674
3 3.19883 16.4234 0.547953 11 4.04753
3 3.23814 16.4766 0.556188 11 4.10741
3 3.28191 16.5276 0.563666 11 4.20977
3 3.32617 16.5751 0.57201 11 4.08867
3 2.87795 16.6254 0.581925 12 4.45531
3 3.35714 16.6753 0.598637 12 4.47112
3 3.32652 16.7208 0.623266 12 4.43155
3 3.30589 16.7649 0.61839 12 4.67583
3 3.26543 16.808 0.629932 12 4.18777
3 3.30611 16.8502 0.63693 12 4.35228
3 3.3328 16.891 0.650913 12 4.24791
3 3.29619 16.9301 0.65318 12 4.29827
