100
1 0 0.960399 0.0087499 0 0
1 0.113423 0.639948 0.0031886 8 0.383401
1 0.22177 0.770018 0.00261559 16 0.39239
1 0.304346 0.929159 0.00478617 6 0.589474
1 0.400627 1.09462 0.00767031 10 0.595685
1 0.365617 1.25782 0.0117772 11 0.559977
1 0.460645 1.43028 0.0174252 10 0.746574
1 0.463307 1.60121 0.0218822 8 0.816533
1 0.495789 1.77272 0.0290523 10 0.732631
1 0.566203 1.93581 0.0341824 13 0.698027
1 0.637443 2.11066 0.0402233 8 1.00696
1 0.743631 2.28534 0.049147 9 1.21306
1 0.797154 2.45179 0.0553416 9 1.1716
1 0.909191 2.62868 0.0642865 9 1.35726
1 1.02512 2.79971 0.0739094 9 1.54888
1 1.13124 2.97372 0.0837783 8 1.72417
1 1.23144 3.15351 0.0927239 8 1.85354
1 1.3239 3.32654 0.102251 9 1.77276
1 1.40755 3.4932 0.110659 7 2.23246
1 1.51475 3.66857 0.12232 8 2.32902
1 1.52932 3.82452 0.131205 13 1.99874
1 1.57993 4.00644 0.141481 13 2.13264
1 1.64025 4.18098 0.143622 13 2.48193
1 1.75458 4.35202 0.154235 14 2.40572
1 1.8273 4.51674 0.165703 10 2.55828
1 1.95517 4.69443 0.180878 11 2.62319
1 2.08137 4.86765 0.193173 9 3.32131
1 2.20306 5.0412 0.204569 10 3.13182
1 2.3264 5.206 0.217827 9 3.62876
1 2.45117 5.3786 0.232829 10 3.70142
1 2.572 5.53787 0.246023 9 3.88583
1 2.62154 5.70649 0.263576 10 3.57711
1 2.7353 5.88603 0.272282 11 3.55624
1 2.85521 6.04251 0.289875 11 3.85134
1 2.98897 6.21125 0.305469 11 3.93793
1 3.10716 6.36948 0.323228 11 4.13904
1 3.22883 6.55207 0.342139 11 4.36827
1 3.27996 6.72199 0.362547 11 4.29852
1 3.41087 6.8902 0.373173 11 4.55079
1 3.44927 7.05484 0.390662 11 4.5361
1 3.54975 7.22092 0.402123 11 4.67779
1 3.66885 7.38355 0.416938 11 4.571
1 3.7946 7.54457 0.437968 10 5.03389
1 3.89742 7.70066 0.468057 9 5.14099
1 3.95392 7.86362 0.477679 10 5.41559
1 4.0705 8.02901 0.498378 10 4.97629
1 4.0787 8.19185 0.518709 9 5.41158
1 4.01687 8.34992 0.518425 9 5.25994
1 4.01665 8.52779 0.525353 9 5.28337
1 4.07626 8.68555 0.550449 8 6.01717
1 4.17228 8.84852 0.57257 8 5.99371
1 4.23864 9.00044 0.585203 8 6.05589
1 4.25651 9.16644 0.599186 8 6.17577
1 4.23129 9.32723 0.617315 8 6.25137
1 4.33144 9.47357 0.63109 8 6.4442
1 4.48625 9.63275 0.642951 8 6.56638
1 4.63505 9.7837 0.669061 9 6.659
1 4.78608 9.95139 0.669539 9 6.95915
1 4.93435 10.1103 0.679578 11 6.39851
1 5.05063 10.2661 0.692627 12 6.46488
1 5.11616 10.4165 0.718092 12 6.2286
1 5.17985 10.5746 0.736079 12 5.76538
1 5.2893 10.728 0.749485 13 5.65321
1 5.38038 10.8799 0.759445 13 5.657
1 5.43507 11.0314 0.77564 13 5.45946
1 5.35611 11.1749 0.798174 13 5.39538
1 5.40047 11.3125 0.819783 13 5.2699
1 5.43525 11.4773 0.836865 13 5.10005
1 5.13246 11.6194 0.835803 12 5.42878
1 5.07779 11.7709 0.835361 11 5.21541
1 4.98945 11.9283 0.83956 11 5.12149
1 4.93102 12.0778 0.861446 11 5.63377
1 4.96634 12.2106 0.859821 11 5.31909
1 4.98364 12.3588 0.869083 11 5.55494
1 4.93948 12.5023 0.884289 11 5.07199
1 4.88594 12.6577 0.891875 11 5.36671
1 4.56787 12.7927 0.921375 11 5.30987
1 4.66688 12.9393 0.955404 10 5.73369
1 4.75079 13.0783 0.96146 11 5.84194
1 4.82375 13.2201 0.966202 11 5.9659
1 4.85524 13.3564 0.985804 11 5.34258
1 4.9552 13.5024 1.00269 12 5.70675
1 5.03778 13.628 1.03801 10 5.77367
1 5.11515 13.7718 1.07665 9 6.2984
1 5.0777 13.9095 1.07614 8 6.80918
1 5.13132 14.0487 1.0756 7 7.35936
1 5.22527 14.1772 1.07484 10 7.14715
1 5.35372 14.2914 1.07669 7 8.35443
1 5.32205 14.4296 1.10542 10 7.43308
1 5.44515 14.5999 1.13169 7 8.56489
1 5.46923 14.7377 1.15072 11 7.95179
1 5.49886 14.8764 1.19707 7 8.60577
1 5.52392 15.0238 1.1952 10 8.0022
1 5.52418 15.152 1.19156 7 8.18527
1 5.31023 15.3063 1.18818 9 7.66442
1 5.38517 15.4545 1.18302 7 7.55634
1 5.37344 15.5888 1.17675 9 7.28573
1 5.34863 15.696 1.17018 7 7.56694
1 5.34764 15.8078 1.1661 9 7.24259
1 5.30083 15.9151 1.16237 7 6.46131
