100
4 0 1.22695 0.010909 0 0
4 0 1.02966 0.00484952 0 0
4 0.0506622 1.20276 0.00385313 6 0.177788
4 0.0551789 1.43988 0.00855912 12 0.161229
4 0.0640486 1.69385 0.0158665 13 0.164396
4 0.069895 1.95453 0.0194342 14 0.167418
4 0.0664584 2.2195 0.0192278 12 0.166699
4 0.0782049 2.48658 0.0188893 17 0.17257
4 0.127419 2.75466 0.024923 5 0.293892
4 0.156746 3.02344 0.0280425 9 0.325969
4 0.21263 3.29259 0.0359198 18 0.348363
4 0.294246 3.56201 0.0401036 24 0.384814
4 0.380565 3.83137 0.048279 18 0.473692
4 0.448665 4.10111 0.0565044 9 0.728226
4 0.519987 4.37044 0.063637 10 0.786256
4 0.598959 4.64039 0.0689583 11 0.92327
4 0.651857 4.90987 0.0800019 9 1.09565
4 0.701164 5.17916 0.0885343 10 1.13095
4 0.750602 5.44831 0.0991138 10 1.24038
4 0.782766 5.71718 0.104754 11 1.25078
4 0.803431 5.98587 0.110906 13 1.23951
4 0.813256 6.25424 0.119273 13 1.29697
4 0.833122 6.52196 0.126153 13 1.23875
4 0.834652 6.78936 0.135396 11 1.28053
4 0.876429 7.05648 0.142786 10 1.26022
4 0.944175 7.32375 0.152073 8 1.34818
4 1.00798 7.59067 0.159249 7 1.5314
4 1.05304 7.85629 0.166473 9 1.41774
4 1.06322 8.12198 0.174536 9 1.5442
4 1.10479 8.38773 0.18103 11 1.49178
4 1.13654 8.65282 0.188702 10 1.57344
4 1.16588 8.91735 0.197583 11 1.70704
4 1.15261 9.18144 0.203988 11 1.71555
4 1.16431 9.44493 0.213426 10 2.01025
4 1.09346 9.70769 0.222674 13 1.74735
4 1.03852 9.96943 0.233039 13 1.69253
4 1.05328 10.2316 0.242141 13 1.62357
4 1.08006 10.4933 0.250241 13 1.67869
4 1.09545 10.7539 0.260476 11 1.84264
4 1.10284 11.0138 0.269813 13 1.79769
4 1.09185 11.2733 0.279403 12 1.73009
4 1.10633 11.5323 0.287073 14 1.83168
4 1.10347 11.7904 0.295848 14 1.71168
4 1.0018 12.048 0.30961 14 1.72101
4 1.00644 12.3049 0.320062 14 1.66627
4 0.984721 12.5612 0.331479 12 1.62918
4 0.995043 12.8168 0.341881 14 1.50539
4 1.01128 13.0715 0.354037 12 1.6288
4 1.0289 13.3257 0.363159 13 1.56593
4 1.06682 13.5791 0.376783 12 1.88967
4 1.07303 13.8317 0.388703 13 1.91172
4 1.08948 14.0838 0.393495 14 1.96999
4 1.09713 14.335 0.403755 14 1.91983
4 1.11342 14.5854 0.414285 14 2.07429
4 1.13345 14.835 0.427961 13 2.06621
4 1.14317 15.0838 0.439123 15 1.99844
4 1.16372 15.3318 0.447629 14 2.20635
4 1.18001 15.579 0.458519 14 2.29845
4 1.19336 15.8253 0.478343 15 2.25589
4 1.20593 16.0708 0.477681 15 2.34624
4 1.21399 16.3155 0.490009 14 2.30365
4 1.22957 16.5594 0.50175 13 2.35915
4 1.24547 16.8024 0.507992 15 2.35278
4 1.26307 17.0445 0.526367 12 2.3522
4 1.22606 17.2856 0.540312 13 2.45918
4 1.24152 17.5258 0.548709 13 2.51767
4 1.25067 17.7651 0.564315 14 2.44475
4 1.25818 18.0031 0.580994 14 2.54715
4 1.27843 18.2402 0.589701 16 2.57809
4 1.29975 18.4772 0.601345 16 2.53034
4 1.318 18.7135 0.618382 16 2.64738
4 1.33944 18.9482 0.63638 15 2.69902
4 1.34963 19.182 0.654271 15 2.8203
4 1.34622 19.4149 0.666555 15 2.70203
4 1.35899 19.6467 0.681875 15 2.73859
4 1.37141 19.8776 0.697007 17 2.80157
4 1.38837 20.1074 0.711198 17 2.76202
4 1.3998 20.3362 0.723297 17 2.89453
4 1.40171 20.564 0.737716 17 2.92377
4 1.41398 20.7909 0.755236 17 2.69445
4 1.43205 21.0167 0.754023 17 2.87607
4 1.4391 21.2409 0.757245 17 2.90938
4 1.45962 21.4648 0.776156 17 3.04435
4 1.47552 21.6875 0.783803 17 3.13814
4 1.49115 21.9092 0.794795 17 3.3303
4 1.50764 22.1298 0.817627 16 3.38765
4 1.51316 22.3495 0.825595 16 3.38762
4 1.53549 22.5681 0.83801 16 3.49656
4 1.55505 22.7858 0.85896 14 3.4904
4 1.57368 23.0022 0.872567 14 3.57863
4 1.59566 23.2175 0.891622 14 3.54587
4 1.611 23.4316 0.905811 14 3.68972
4 1.62634 23.6445 0.923732 14 3.72045
4 1.52414 23.8568 0.938003 13 3.51264
4 1.5322 24.068 0.955699 13 3.68243
4 1.54496 24.2779 0.970787 13 3.79764
4 1.56246 24.4866 0.979445 14 3.81374
4 1.58249 24.6943 0.995669 14 3.59706
4 1.59773 24.9008 1.01721 13 3.94195
4 1.61442 25.1062 1.03594 13 4.1073
