100
6 0 0.83659 0.0119936 0 0
6 0 0.884635 0.00686678 0 0
6 0.00571213 1.0381 0.00556216 2 0.378218
6 0.0905923 1.23647 0.00510024 2 0.609973
6 0.17609 1.46186 0.00488483 4 0.731841
6 0.19256 1.67567 0.0076126 5 0.656096
6 0.275664 1.87659 0.00743943 5 0.78727
6 0.359452 1.87697 0.011275 7 0.843252
6 0.423752 2.34301 0.012438 8 1.01057
6 0.398045 2.39631 0.0223947 2 1.98287
6 0.393536 2.77189 0.0159649 7 0.862191
6 0.226224 2.95689 0.018007 3 1.5539
6 0.317925 3.12719 0.00474188 4 1.3294
6 0.36268 3.30378 0.00745076 3 1.82526
6 0.299396 3.4758 0.00823287 5 0.717607
6 0.304804 3.63153 0.0250889 4 1.3477
6 0.35553 3.78056 0.00935705 3 1.66645
6 0.388287 3.92283 0.0240043 8 1.05495
6 0.476484 3.91453 0.0141263 6 1.44796
6 0.580186 4.18289 0.026706 10 1.11422
6 0.57883 4.34317 0.0202861 6 1.14573
6 0.638025 4.46756 0.0358641 11 1.24847
6 0.695879 4.58149 0.0220668 4 1.50205
6 0.670228 4.68598 0.0440457 11 1.59843
6 0.637346 4.78207 0.040238 7 1.44487
6 0.592988 4.87928 0.0512233 12 1.56546
6 0.591743 4.9665 0.0547069 12 1.56843
6 0.639915 5.04629 0.0581939 12 1.72441
6 0.689613 5.12235 0.0616017 12 1.55435
6 0.712575 5.18781 0.0647639 11 1.7577
6 0.726733 5.13547 0.0657416 11 1.75194
6 0.783368 5.31393 0.0711364 10 1.85902
6 0.78279 5.36913 0.0724779 10 2.24768
6 0.793463 5.42275 0.076137 8 2.19783
6 0.736036 5.47956 0.0787981 10 2.28116
6 0.7687 5.53076 0.0830773 8 2.52178
6 0.8001 5.57673 0.0859885 9 2.60775
6 0.837032 5.61631 0.0849788 8 2.66477
6 0.810836 5.65478 0.0870055 8 3.06453
6 0.834109 5.68144 0.0892841 8 2.79924
6 0.895984 5.71321 0.092641 8 3.38663
6 0.898897 5.74991 0.0950011 6 3.42906
6 0.90786 5.76258 0.0999545 8 3.20036
6 0.940435 5.79399 0.100927 6 3.81704
6 0.88634 5.81371 0.104964 8 3.34006
6 0.929873 5.83241 0.102976 6 3.49069
6 0.957727 5.85878 0.101113 8 3.369
6 0.936354 5.8659 0.0991916 7 3.32183
6 0.938655 5.89358 0.100561 8 3.39704
6 0.955295 5.91088 0.103418 8 2.71694
6 0.960233 5.92779 0.10565 8 3.31244
6 0.960887 5.95675 0.107071 10 2.55185
6 0.960383 5.94816 0.110131 8 3.18627
6 1.00082 5.95325 0.113782 9 2.69568
6 1.01609 5.97484 0.116763 8 3.50377
6 1.07604 5.98115 0.117984 9 2.8933
6 1.03894 5.99193 0.121317 8 3.39632
6 1.00933 6.01117 0.123573 9 2.85037
6 0.993055 6.00293 0.126792 8 2.99276
6 1.03208 6.02005 0.129083 9 2.61608
6 1.04343 6.02575 0.131854 9 2.93253
6 0.960807 6.02085 0.12946 10 2.29727
6 0.940922 6.01745 0.128727 9 2.44362
6 0.973631 6.02542 0.129442 10 2.26199
6 1.01042 6.03254 0.13236 8 2.2966
6 1.05217 6.0354 0.134289 10 2.14594
6 1.05228 6.03728 0.136763 7 2.42446
6 1.05024 6.03826 0.143346 9 2.36673
6 1.08674 6.04336 0.141299 8 2.33379
6 1.06716 6.04111 0.141209 10 2.43308
6 1.07076 6.0452 0.14343 8 2.38562
6 1.06662 6.05028 0.14639 9 2.44474
6 1.06111 6.05354 0.147386 8 1.97438
6 1.08834 6.05189 0.147058 10 2.3735
6 1.06936 6.05443 0.149778 7 1.73835
6 1.06259 6.05058 0.156733 9 2.46359
6 1.09169 6.04992 0.154764 7 1.68956
6 1.04455 6.05216 0.153866 10 2.16427
6 1.0359 6.05527 0.154908 8 1.61405
6 0.895004 6.05501 0.152984 9 2.18598
6 0.930983 6.04778 0.151125 9 1.5447
6 0.966077 6.05163 0.149506 11 2.43536
6 0.997018 6.06036 0.147844 9 1.6708
6 0.996733 6.05942 0.146851 9 2.6362
6 1.02528 6.06084 0.150559 9 1.77324
6 0.963811 6.06056 0.152197 10 2.33458
6 0.961003 6.06236 0.150376 9 1.88224
6 0.978914 6.0586 0.148567 11 2.35378
6 0.983037 6.0611 0.146895 9 1.84138
6 0.588622 5.46792 0.148606 2 2.57461
6 0.690909 6.06019 0.170183 10 1.64097
6 0.718975 6.0629 0.189772 9 1.7139
6 0.76042 6.06674 0.188833 8 1.91782
6 0.790741 6.05912 0.18681 9 1.8314
6 0.756515 6.06331 0.187165 9 1.79962
6 0.732209 6.06574 0.186571 9 2.16634
6 0.714719 6.06712 0.186353 9 1.34871
6 0.710597 6.06197 0.185485 9 1.72378
6 0.746561 6.06134 0.185413 9 1.62795
6 0.722552 6.06228 0.184809 9 1.85762
