100
6 0 0.831247 0.0119936 0 0
6 0 0.88347 0.00691092 0 0
6 0 1.04847 0.00560529 1 0.554961
6 0.0960828 1.25638 0.00508898 5 0.496816
6 0.177876 1.47073 0.00773392 8 0.585341
6 0.261877 1.68701 0.0100434 8 0.799959
6 0.373801 1.89482 0.0145193 12 0.799135
6 0.49604 2.08611 0.0180743 9 1.17457
6 0.547083 2.28889 0.0214055 11 1.10889
6 0.67608 2.51145 0.0281655 12 1.2348
6 0.79619 2.72208 0.0340929 11 1.37839
6 0.914508 2.92105 0.0403078 9 1.66941
6 1.0404 3.10654 0.0466157 11 1.71021
6 1.12408 3.28657 0.0524582 10 1.75852
6 1.22136 3.45558 0.0580696 10 1.97272
6 1.25132 3.60281 0.065232 11 2.12351
6 1.2856 3.76132 0.0721096 11 2.20449
6 1.40369 3.91284 0.079424 12 2.37554
6 1.49845 4.04706 0.0889317 11 2.39401
6 1.62418 4.18044 0.0971764 13 2.51533
6 1.70534 4.30982 0.105071 12 2.57173
6 1.79217 4.43315 0.112985 13 2.58369
6 1.87892 4.55664 0.12099 12 2.76078
6 1.93766 4.6642 0.129806 11 2.70306
6 1.96316 4.76536 0.13371 12 2.53721
6 2.0281 4.85885 0.139498 9 3.18232
6 2.09403 4.94495 0.148301 12 2.81084
6 2.16356 5.02453 0.154978 10 3.1456
6 2.19993 5.10339 0.163323 12 2.74285
6 2.23556 5.17799 0.171647 10 3.31959
6 2.29483 5.26113 0.17986 11 3.26846
6 2.35224 5.31757 0.186123 8 3.64188
6 2.38413 5.35702 0.19118 11 3.46971
6 2.43683 5.41619 0.19898 8 3.44759
6 2.49116 5.46647 0.215309 11 3.39612
6 2.53484 5.50938 0.23028 8 3.1477
6 2.57563 5.55647 0.236827 11 3.85388
6 2.6161 5.58305 0.232382 8 3.46831
6 2.67277 5.63037 0.241651 10 3.72356
6 2.63945 5.67263 0.249007 9 3.36993
6 2.6869 5.70283 0.255473 10 3.96467
6 2.69938 5.73226 0.263572 8 3.48002
6 2.54935 5.74858 0.268735 9 3.60743
6 2.59337 5.79063 0.276491 10 3.30287
6 2.627 5.81496 0.284268 10 3.69858
6 2.64876 5.82853 0.294403 10 3.55642
6 2.67705 5.8399 0.303766 10 3.79125
6 2.70828 5.67538 0.298958 10 3.72178
6 2.81411 5.88889 0.313769 10 4.0916
6 2.84 5.89663 0.321719 10 3.88092
6 2.87856 5.91893 0.328827 10 4.07199
6 2.8823 5.93133 0.335592 10 3.91702
6 2.91598 5.94378 0.342158 10 3.83579
6 2.90579 5.95512 0.349859 10 3.93404
6 2.92999 5.96886 0.358795 10 3.17789
6 2.95218 5.97288 0.36144 11 3.81943
6 2.98273 5.98157 0.363751 11 3.25684
6 2.99997 5.98928 0.372609 10 3.89386
6 3.0591 5.99853 0.388464 10 3.65218
6 3.12593 6.00137 0.382702 10 3.88814
6 3.15756 6.0117 0.385424 10 3.82609
6 3.10723 6.01539 0.385883 11 3.62367
6 3.03683 6.02152 0.385448 11 3.26934
6 2.96646 6.02382 0.390987 11 2.96976
6 2.75997 6.02849 0.385167 11 2.72562
6 2.80764 6.03088 0.379461 11 2.8005
6 2.82685 6.03453 0.384583 11 2.35069
6 2.80991 6.03286 0.399604 10 2.72629
6 2.59206 6.03915 0.415903 9 2.65325
6 2.61925 6.03732 0.431803 8 3.10849
6 2.64467 6.04259 0.42634 8 3.53643
6 2.5585 6.02477 0.420691 7 3.47089
6 2.55498 6.03938 0.416521 7 3.67996
6 2.5433 6.00275 0.411629 6 3.58028
6 2.5366 6.0352 0.409362 6 3.66198
6 2.54051 5.99078 0.405109 6 3.25679
6 2.58097 6.02191 0.403991 6 3.45235
6 2.5997 5.96683 0.40091 6 2.90388
6 2.56944 5.99274 0.401381 6 3.23503
6 2.55287 5.93999 0.400396 6 2.43313
6 2.53344 5.86626 0.402973 6 2.30612
6 2.48339 5.67727 0.415501 5 2.26003
6 2.61506 5.32639 0.437546 5 2.70137
6 3.01635 4.88967 0.489779 5 1.87354
6 3.33528 5.29436 0.533827 5 3.23984
6 2.51544 5.92451 0.603692 5 2.31985
6 2.54381 5.95508 0.608636 5 2.45512
6 2.51834 5.98602 0.688087 7 1.88072
6 2.36935 5.80854 0.71434 3 3.02778
6 2.51963 5.95362 0.753165 6 1.98294
6 2.6506 5.93484 0.767348 7 2.24355
6 2.77736 5.93381 0.800844 5 2.20076
6 2.86674 5.97854 0.808729 7 2.84744
6 2.92627 5.31004 0.810715 5 2.32721
6 3.37117 6.1207 0.915129 6 3.86698
6 3.35504 6.11589 0.896114 4 3.09897
6 3.33302 6.14086 0.878331 7 2.95209
6 3.30029 6.14346 0.857485 5 2.54361
6 3.1948 6.13596 0.836876 6 3.25038
6 3.14874 6.13484 0.817814 4 3.45891
