100
4 0 0.981692 0.00872719 0 0
4 0.108485 0.824162 0.00387909 30 0.260996
4 0.184209 0.962303 0.00308048 10 0.376412
4 0.219646 1.15156 0.00684214 24 0.328347
4 0.212086 1.35485 0.0197972 32 0.325724
4 0.258961 1.56389 0.0354066 13 0.410721
4 0.256075 1.77568 0.0418107 12 0.353894
4 0.292118 1.98919 0.051103 12 0.443293
4 0.33758 2.2036 0.0656992 9 0.606454
4 0.377359 2.41849 0.074606 7 0.809895
4 0.409869 2.63379 0.0841057 8 0.864737
4 0.457667 2.84932 0.0932239 7 1.00948
4 0.50471 3.06499 0.104034 10 0.951577
4 0.540241 3.28102 0.113255 10 0.954035
4 0.585173 3.49677 0.123852 12 0.941282
4 0.605899 3.71234 0.132444 13 0.909409
4 0.626211 3.92758 0.142492 13 0.980394
4 0.603454 4.14317 0.152322 12 0.912515
4 0.599861 4.35859 0.158519 12 0.980205
4 0.602236 4.5737 0.170744 13 0.975816
4 0.595472 4.78866 0.179199 13 0.969405
4 0.601887 5.00319 0.189127 14 0.98257
4 0.622423 5.21726 0.197151 14 1.06271
4 0.630179 5.43172 0.209879 14 1.03846
4 0.637648 5.64587 0.221188 14 1.06598
4 0.639384 5.85944 0.228139 14 1.11228
4 0.64988 6.0727 0.240816 14 1.16036
4 0.670218 6.28564 0.249093 13 1.21915
4 0.686194 6.49825 0.259285 12 1.27834
4 0.71405 6.71048 0.269502 14 1.32875
4 0.724613 6.9223 0.281585 14 1.34675
4 0.748649 7.13393 0.292582 14 1.34564
4 0.768453 7.34512 0.304375 12 1.45728
4 0.798263 7.55586 0.313298 14 1.45058
4 0.824103 7.76619 0.325922 12 1.54171
4 0.843703 7.97594 0.334754 13 1.53975
4 0.879864 8.18536 0.342668 14 1.6053
4 0.910119 8.39389 0.354188 13 1.61187
4 0.937397 8.60221 0.363373 14 1.6967
4 0.962109 8.81068 0.37804 13 1.74484
4 0.991884 9.01862 0.384304 15 1.79649
4 1.0169 9.22573 0.398727 15 1.77522
4 1.04401 9.43226 0.408512 15 1.84055
4 1.05438 9.63824 0.421958 15 1.82266
4 1.08147 9.84348 0.435056 14 1.84722
4 1.11552 10.0486 0.447479 13 2.00268
4 1.14445 10.2533 0.462857 14 2.15291
4 1.17859 10.4572 0.476569 15 2.14834
4 1.21108 10.6605 0.491778 14 2.26677
4 1.2454 10.8633 0.506277 13 2.26461
4 1.26497 11.0654 0.524355 12 2.42109
4 1.28524 11.2668 0.527736 14 2.34302
4 1.32075 11.4679 0.541837 12 2.47234
4 1.36231 11.6683 0.55883 12 2.57562
4 1.39385 11.868 0.57148 12 2.74885
4 1.4351 12.0669 0.579192 12 2.66736
4 1.47285 12.2652 0.593092 12 2.78679
4 1.50589 12.4631 0.610653 11 2.75027
4 1.53267 12.6602 0.625775 11 2.94187
4 1.53605 12.8567 0.636814 11 2.8992
4 1.55673 13.0524 0.65246 11 2.90574
4 1.57499 13.2475 0.664071 11 2.82541
4 1.58893 13.4419 0.681635 11 2.90289
4 1.59661 13.6354 0.696736 11 2.87471
4 1.61614 13.8285 0.709344 10 3.00138
4 1.6253 14.0207 0.729301 11 2.97149
4 1.66019 14.2122 0.744659 11 3.10229
4 1.69825 14.4029 0.760339 11 3.09948
4 1.71782 14.5928 0.780179 11 3.11263
4 1.76191 14.7819 0.800377 11 2.94577
4 1.78686 14.9703 0.824452 10 3.27287
4 1.8221 15.1582 0.836454 10 3.22887
4 1.87371 15.3455 0.855938 10 3.27689
4 1.92373 15.5318 0.874667 11 2.92815
4 1.9797 15.7173 0.888467 11 3.06138
4 2.03251 15.902 0.908533 10 3.18804
4 2.09219 16.0859 0.927479 10 3.19724
4 2.158 16.269 0.936404 10 3.46404
4 2.22354 16.4513 0.943374 9 3.75805
4 2.27869 16.6327 0.959032 9 3.84246
4 2.34474 16.8134 0.981949 8 4.22572
4 2.40249 16.9932 1.00043 8 4.37303
4 2.46375 17.172 1.02012 8 4.28204
4 2.51202 17.3501 1.04747 8 4.52439
4 2.47563 17.5274 1.07089 9 4.59486
4 2.54355 17.704 1.09982 9 4.36489
4 2.5956 17.8794 1.14418 8 4.63872
4 2.6536 18.0542 1.14229 8 4.5839
4 2.73212 18.2284 1.15386 8 4.70455
4 2.8234 18.4018 1.17862 9 4.54504
4 2.91999 18.5741 1.20123 10 4.61034
4 3.02248 18.7455 1.22888 10 4.60264
4 2.1679 18.916 1.24557 9 4.11804
4 2.20597 19.0856 1.27735 8 4.32724
4 2.25112 19.2544 1.2751 9 4.34693
4 2.29881 19.4223 1.27283 9 4.1476
4 2.35727 19.5893 1.27054 9 4.49446
4 2.40998 19.7554 1.26825 8 4.62187
4 2.46271 19.9206 1.27424 8 5.06984
4 2.51989 20.085 1.28751 8 4.65611
