100
2 0 0.784613 0.00932138 0 0
2 0.0597115 0.65735 0.00415182 6 0.207004
2 0.0923159 0.769316 0.00330681 10 0.230911
2 0.133053 0.921607 0.00301026 9 0.25581
2 0.158831 1.08494 0.00350646 12 0.291077
2 0.205976 1.25072 0.00566266 14 0.323328
2 0.256244 1.41822 0.00888594 13 0.439013
2 0.317824 1.58594 0.0132372 17 0.495361
2 0.392115 1.76442 0.0180179 17 0.632183
2 0.459247 1.94019 0.0229545 21 0.669446
2 0.521875 2.11328 0.0282669 21 0.81656
2 0.590266 2.28856 0.0341063 23 0.887981
2 0.665985 2.45895 0.0398097 23 1.02945
2 0.736631 2.63175 0.0461657 24 1.09671
2 0.794488 2.80605 0.0528035 25 1.22946
2 0.874382 2.97713 0.0599843 25 1.31972
2 0.936352 3.15201 0.0669763 27 1.36393
2 1.00042 3.32336 0.0747434 28 1.46395
2 1.07964 3.49546 0.0840205 28 1.59734
2 1.16622 3.6669 0.0927567 30 1.7093
2 1.24169 3.82761 0.101505 30 1.83196
2 1.28383 3.99706 0.11186 30 1.79283
2 1.36784 4.18115 0.122635 29 1.91412
2 1.44706 4.35465 0.133048 29 1.92481
2 1.52049 4.52931 0.144037 30 1.94524
2 1.60369 4.69771 0.157155 25 2.37897
2 1.6808 4.87262 0.169486 25 2.3826
2 1.74092 5.04414 0.18111 24 2.48897
2 1.81636 5.21735 0.194025 23 2.52815
2 1.89329 5.38881 0.204876 22 2.72919
2 1.95988 5.56633 0.219408 22 2.58725
2 2.02309 5.73655 0.230141 21 3.00924
2 2.06894 5.90588 0.243085 21 2.77702
2 2.14371 6.07371 0.253627 21 3.26597
2 2.18439 6.24307 0.276007 20 3.41011
2 2.24977 6.41042 0.27941 23 3.37186
2 2.32577 6.58439 0.297428 22 3.44739
2 2.33787 6.75335 0.308406 21 3.62586
2 2.36733 6.91846 0.321227 23 3.41872
2 2.44723 7.08693 0.353972 24 3.59692
2 2.48888 7.25699 0.364254 23 3.67717
2 2.56551 7.42476 0.368096 24 3.97063
2 2.61874 7.59193 0.387533 21 3.99479
2 2.70544 7.75756 0.394439 22 4.32249
2 2.79463 7.92179 0.409624 21 4.38332
2 2.79165 8.07682 0.427932 20 4.52971
2 2.88011 8.24762 0.437879 20 4.58415
2 2.83807 8.41924 0.455839 20 4.46177
2 2.7952 8.58426 0.483099 18 4.6304
2 2.88664 8.74866 0.506445 17 4.59594
2 2.97509 8.91296 0.505739 17 4.71831
2 3.0529 9.07626 0.507203 16 5.11001
2 3.13011 9.23467 0.506508 18 5.08407
2 3.20431 9.39838 0.529021 19 5.25249
2 3.20537 9.56539 0.547271 18 5.24497
2 3.27792 9.72961 0.556155 18 5.45729
2 3.38146 9.88822 0.583503 17 6.06215
2 3.28496 10.047 0.589984 17 5.64961
2 3.38238 10.2075 0.594333 18 5.74191
2 3.47422 10.3669 0.621342 18 6.04774
2 3.57318 10.5241 0.641378 17 6.17489
2 3.64438 10.6901 0.647315 18 5.8866
2 3.76941 10.8505 0.66705 17 6.01568
2 3.88957 11.0093 0.692806 15 6.46778
2 3.91316 11.1677 0.722989 15 6.3919
2 3.99857 11.325 0.734022 14 6.43611
2 3.86697 11.4809 0.734229 14 5.62639
2 3.87918 11.634 0.737927 14 5.58364
2 3.96114 11.7897 0.792288 12 5.75718
2 4.07649 11.9451 0.79118 11 6.64136
2 4.07905 12.0981 0.790051 11 6.37284
2 4.04963 12.2534 0.789034 11 6.70721
2 4.02448 12.4094 0.787936 11 7.27957
2 4.01659 12.5624 0.786685 11 6.92736
2 4.05735 12.7157 0.785442 13 6.44391
2 4.07011 12.8681 0.784151 13 5.59641
2 4.12955 13.0191 0.78283 14 5.26798
2 4.2579 13.1678 0.781539 12 6.23724
2 4.39651 13.3201 0.788518 11 7.11641
2 4.41533 13.4674 0.801278 11 6.76964
2 4.45316 13.6132 0.813628 11 7.05139
2 4.2535 13.7613 0.829808 10 6.64551
2 4.26071 13.9085 0.831107 9 7.35108
2 4.14838 14.0559 0.830155 9 6.8894
2 4.08103 14.2025 0.836359 8 7.06506
2 4.11062 14.3445 0.843564 9 6.98993
2 3.6 14.4875 0.857924 9 6.69575
2 3.38839 14.6376 0.876271 8 6.51664
2 3.40594 14.7852 0.890086 7 6.82784
2 3.3388 14.9316 0.888955 7 5.74278
2 3.54957 15.0784 0.889634 9 5.69859
2 3.74714 15.2199 0.931819 7 7.21866
2 3.75491 15.3623 0.930311 8 6.76308
2 3.75099 15.5015 0.928777 9 6.56348
2 3.53855 15.6448 0.932421 9 6.38149
2 3.43979 15.7867 0.939693 10 6.094
2 3.53409 15.9256 0.938017 11 5.65922
2 3.51636 16.0637 0.941157 9 6.33285
2 3.6021 16.1981 0.939537 10 6.21575
2 3.64283 16.3351 0.938146 9 6.91408
